31200 31200 31200 31200 3280.0 3280.0 3280.0 3240.0 3240.0 3240.0 3340.0 3400.0 3380.0 3460.0 3460.0 3460.0 3460.0 3460.0 3460.0 3460.0 3460.0 3460.0 3460.0 3460.0 3460.0 3440.0 3440.0 3440.0 3440.0 3440.0 3460.0 3460.0 3460.0 3460.0 3480.0 3500.0 3540.0 3540.0 3540.0 3540.0 3540.0 3540.0 3540.0 3540.0
26200 26200 26200 26200 3200.0 3360.0 3360.0 3340.0 3320.0 3320.0 3320.0 3480.0 3440.0 3420.0 3420.0 3420.0 3440.0 3440.0 3400.0 3400.0 3400.0 3400.0 3400.0 3400.0 3400.0 3400.0 3400.0 3400.0 3400.0 3380.0 3380.0 3380.0 3380.0 3440.0 3460.0 3460.0 3460.0 3460.0 3460.0 3460.0 3460.0 3460.0 3460.0 3460.0
36380 36380 36380 36380 3600.0 3480.0 3480.0 3440.0 3400.0 3380.0 3360.0 3440.0 3380.0 3380.0 3380.0 3380.0 3380.0 3380.0 3380.0 3380.0 3380.0 3380.0 3320.0 3320.0 3320.0 3300.0 3300.0 3300.0 3300.0 3280.0 3280.0 3300.0 3300.0 3300.0 3320.0 3340.0 3340.0 3340.0 3340.0 3340.0 3340.0 3340.0 3340.0 3340.0
19720 19720 19720 19720 3340.0 3320.0 3320.0 3280.0 3260.0 3260.0 3260.0 3460.0 3420.0 3420.0 3420.0 3420.0 3440.0 3440.0 3440.0 3440.0 3440.0 3440.0 3440.0 3440.0 3440.0 3440.0 3440.0 3480.0 3480.0 3480.0 3460.0 3460.0 3460.0 3480.0 3480.0 3480.0 3500.0 3500.0 3500.0 3500.0 3500.0 3500.0 3500.0 3500.0
3860 3860 3860 3860 3300.0 3360.0 3360.0 3340.0 3340.0 3380.0 3420.0 3380.0 3380.0 3380.0 3380.0 3380.0 3380.0 3380.0 3380.0 3380.0 3380.0 3380.0 3380.0 3380.0 3380.0 3380.0 3380.0 3360.0 3360.0 3400.0 3400.0 3400.0 3400.0 3400.0 3400.0 3400.0 3440.0 3440.0 3440.0 3440.0 3460.0 3460.0 3460.0 3460.0
32640 32640 32640 32640 32640 32640 32640 3180.0 3720.0 3640.0 3600.0 3440.0 3340.0 3360.0 3360.0 3360.0 3360.0 3360.0 3360.0 3360.0 3360.0 3360.0 3360.0 3360.0 3360.0 3360.0 3360.0 3380.0 3380.0 3400.0 3440.0 3440.0 3440.0 3440.0 3480.0 3480.0 3480.0 3480.0 3480.0 3480.0 3460.0 3460.0 3460.0 3460.0
12980 12980 12980 12980 3320.0 3400.0 3400.0 3500.0 3500.0 3520.0 3520.0 3500.0 3420.0 3420.0 3420.0 3420.0 3420.0 3420.0 3400.0 3400.0 3400.0 3400.0 3400.0 3400.0 3400.0 3400.0 3400.0 3400.0 3400.0 3400.0 3400.0 3400.0 3400.0 3380.0 3400.0 3420.0 3440.0 3440.0 3440.0 3440.0 3440.0 3440.0 3440.0 3440.0
31640 31640 31640 31640 3200.0 3200.0 3200.0 3200.0 3180.0 3180.0 3180.0 3280.0 3280.0 3320.0 3320.0 3320.0 3320.0 3320.0 3420.0 3420.0 3420.0 3420.0 3420.0 3420.0 3420.0 3420.0 3440.0 3440.0 3440.0 3480.0 3480.0 3480.0 3480.0 3480.0 3460.0 3460.0 3460.0 3460.0 3480.0 3480.0 3460.0 3460.0 3460.0 3460.0
35980 35980 35980 35980 3420.0 3380.0 3380.0 3560.0 3500.0 3460.0 3460.0 3480.0 3500.0 3480.0 3480.0 3480.0 3480.0 3480.0 3520.0 3520.0 3520.0 3520.0 3560.0 3560.0 3560.0 3600.0 3600.0 3620.0 3620.0 3620.0 3600.0 3600.0 3600.0 3600.0 3600.0 3600.0 3600.0 3600.0 3600.0 3600.0 3600.0 3600.0 3600.0 3600.0
17520 17520 17520 17520 3440.0 3440.0 3440.0 3400.0 3500.0 3480.0 3460.0 3560.0 3600.0 3600.0 3600.0 3600.0 3600.0 3600.0 3600.0 3600.0 3600.0 3600.0 3600.0 3600.0 3600.0 3600.0 3600.0 3560.0 3560.0 3580.0 3600.0 3600.0 3600.0 3600.0 3540.0 3540.0 3540.0 3540.0 3540.0 3540.0 3520.0 3520.0 3520.0 3520.0
4100 4100 4100 4100 3260.0 3260.0 3260.0 3300.0 3340.0 3380.0 3380.0 3520.0 3460.0 3460.0 3460.0 3420.0 3420.0 3420.0 3440.0 3440.0 3440.0 3440.0 3440.0 3440.0 3440.0 3440.0 3440.0 3440.0 3440.0 3480.0 3480.0 3480.0 3480.0 3480.0 3480.0 3480.0 3540.0 3540.0 3540.0 3540.0 3520.0 3520.0 3520.0 3520.0
35660 35660 35660 35660 35660 35660 35660 35660 35660 35660 35660 3740.0 3600.0 3500.0 3500.0 3500.0 3500.0 3480.0 3480.0 3480.0 3480.0 3480.0 3420.0 3420.0 3420.0 3480.0 3480.0 3480.0 3480.0 3540.0 3580.0 3580.0 3580.0 3600.0 3720.0 3720.0 3720.0 3720.0 3740.0 3740.0 3700.0 3700.0 3700.0 3700.0
15920 15920 15920 15920 3320.0 3320.0 3320.0 3280.0 3280.0 3280.0 3260.0 3460.0 3560.0 3560.0 3560.0 3560.0 3560.0 3560.0 3540.0 3540.0 3540.0 3540.0 3540.0 3540.0 3540.0 3540.0 3540.0 3560.0 3560.0 3520.0 3520.0 3520.0 3520.0 3480.0 3480.0 3420.0 3420.0 3420.0 3420.0 3420.0 3420.0 3420.0 3420.0 3420.0
33420 33420 33420 33420 3260.0 3420.0 3420.0 3480.0 3400.0 3400.0 3480.0 3680.0 3640.0 3640.0 3640.0 3640.0 3620.0 3620.0 3620.0 3620.0 3620.0 3620.0 3620.0 3620.0 3620.0 3620.0 3620.0 3600.0 3600.0 3620.0 3640.0 3640.0 3640.0 3640.0 3600.0 3540.0 3540.0 3540.0 3560.0 3560.0 3540.0 3540.0 3560.0 3560.0
26940 26940 26940 26940 3400.0 3580.0 3580.0 3700.0 3700.0 3600.0 3600.0 3420.0 3380.0 3440.0 3500.0 3520.0 3520.0 3520.0 3480.0 3480.0 3480.0 3480.0 3500.0 3500.0 3500.0 3540.0 3540.0 3560.0 3560.0 3540.0 3540.0 3540.0 3540.0 3520.0 3520.0 3520.0 3560.0 3560.0 3600.0 3600.0 3620.0 3620.0 3620.0 3620.0
26160 26160 26160 26160 3600.0 3540.0 3540.0 3480.0 3460.0 3440.0 3420.0 3480.0 3500.0 3520.0 3520.0 3520.0 3520.0 3520.0 3520.0 3520.0 3520.0 3520.0 3520.0 3520.0 3520.0 3480.0 3480.0 3480.0 3480.0 3580.0 3580.0 3580.0 3580.0 3580.0 3580.0 3580.0 3580.0 3580.0 3600.0 3600.0 3600.0 3600.0 3600.0 3600.0
21880 21880 21880 21880 3200.0 3200.0 3200.0 3300.0 3280.0 3280.0 3240.0 3360.0 3320.0 3360.0 3360.0 3360.0 3400.0 3400.0 3400.0 3400.0 3400.0 3400.0 3400.0 3400.0 3400.0 3340.0 3340.0 3340.0 3340.0 3340.0 3340.0 3340.0 3340.0 3400.0 3400.0 3400.0 3400.0 3400.0 3400.0 3400.0 3400.0 3400.0 3400.0 3400.0
30000 30000 30000 30000 3160.0 3180.0 3180.0 3160.0 3180.0 3180.0 3180.0 3460.0 3580.0 3600.0 3600.0 3600.0 3600.0 3600.0 3700.0 3700.0 3700.0 3700.0 3700.0 3700.0 3700.0 3700.0 3700.0 3740.0 3740.0 3680.0 3640.0 3640.0 3640.0 3640.0 3580.0 3540.0 3540.0 3540.0 3540.0 3540.0 3560.0 3560.0 3600.0 3600.0
37500 37500 37500 37500 37500 37500 37500 37500 37500 37500 37500 3580.0 3440.0 3560.0 3560.0 3560.0 3500.0 3500.0 3480.0 3460.0 3460.0 3460.0 3460.0 3460.0 3460.0 3460.0 3460.0 3400.0 3400.0 3400.0 3400.0 3400.0 3400.0 3400.0 3340.0 3340.0 3340.0 3340.0 3340.0 3340.0 3340.0 3340.0 3340.0 3340.0
28400 28400 28400 28400 3520.0 3460.0 3460.0 3400.0 3380.0 3540.0 3660.0 3620.0 3780.0 3760.0 3760.0 3720.0 3720.0 3720.0 3700.0 3700.0 3700.0 3700.0 3700.0 3700.0 3700.0 3700.0 3700.0 3700.0 3700.0 3700.0 3760.0 3760.0 3760.0 3840.0 3820.0 3840.0 3860.0 3860.0 3840.0 3840.0 3820.0 3820.0 3820.0 3820.0

